100000000000000000000000
111111111111111111111111
000000000000000000000000
000000000000000000000000
000000000000000001000000
000000000000000011000000
000000000000001111000000
000000000000110001000000
000000000011010000000000
000000001100010000000000
000000110000010000000000
000001111000010000000000
000000011111010000000000
000000000111110001000000
000000000000111101000000
000000000000001111000000
000000000000000011000000
000000000000000001000000
000001000000000001000000
000001000000000001000000
000001111111111111000000
000001111111111111000000
000001000001000001000000
000001000001000001000000
000001000001000001000000
000001000001000001000000
000001100011100001000000
000000111110100011000000
000000011100111110000000
000000000000011100000000
000000000000000000000000
000000000000000000000000
000000000111110000000000
000000011111111100000000
000000111000000110000000
000000100000000011000000
000001000000000001000000
000001000000000001000000
000001000000000001000000
000001000000000001000000
000000100000000001000000
000000110000000010000000
000001111100000100000000
000000000000000000000000
000000000000000000000000
000000000000000000000000
000000100000000001000000
000000100000000001000000
000001111111111111000000
000001111111111111000000
000000000000000001000000
000000000000000001000000
000000000000000000000000
000000000000000000000000
000000000000000000000000
000000011000000001000000
000000100000000111000000
000001100000001011000000
000001100000010011000000
000001110001100011000000
000000111111000011000000
000000111100000011000000
000000000000000110000000
000000000000000000000000
000000000000000000000000
000000110000000011000000
000000100000000011000000
000001000001000001000000
000001000011000001000000
000001000011100011000000
000001111101111110000000
000000111000111100000000
000000000000000000000000
