000000000000000000000000
000000000000000000000000
000000000000000000000000
000000000000000000000000
000000000000000000000000
000000000000000000000000
000000000000000011110000
000000000000011111110000
000000000111111111000000
000000111111111000000000
000111111100011000000000
001111100000011000000000
001111111000011000000000
000001111111111000000000
000000001111111110000000
000000000000111111110000
000000000000000111110000
000000000000000000010000
000000000000000000000000
000000000000000000000000
001111111111111111110000
001111111111111111110000
001111111111111111110000
001100000011000000110000
001100000011000000110000
001100000011000000110000
001110000011000000110000
000110000111100000110000
000111111111100001110000
000011111100111111100000
000001111000111111100000
000000000000000000000000
000000000000000000000000
000000000000000000000000
000000011111111100000000
000001111111111111000000
000011111110011111100000
000111000000000001110000
001110000000000000110000
001100000000000000011000
001100000000000000011000
001110000000000000110000
000111000000000001110000
000111111000011111100000
000001111000011111000000
000000000000010000000000
000000000000000000000000
000000000000000000000000
001111111111111111110000
001111111111111111110000
001111111111111111110000
001100000000000000110000
001100000000000000110000
000110000000000000110000
000110000000000000110000
000111000000000001110000
000011110000000111100000
000001111111111111000000
000000111111111110000000
000000000000000000000000
000000000000000000000000
000000000000000000000000
001111111111111111110000
001111111111111111110000
001111111111111111110000
001100000011000000110000
001100000011000000110000
001100000011000000110000
001100000011000000110000
001100000011000000110000
001100000011000000110000
001100000011000000110000
001100000000000000110000
000000000000000000000000
000000000000000000000000
000000000000000000000000
001111111111111111110000
001111111111111111110000
001111111111111111110000
001100000011000000000000
001100000011000000000000
001100000011000000000000
001100000011000000000000
001100000011000000000000
001100000011000000000000
001100000000000000000000
001100000000000000000000
000000000000000000000000
000000000000000000000000
000000000000000000000000
000000011111111100000000
000001111111111111000000
000111111110011111100000
000111000000000001110000
001110000000000000111000
001100000000000000011000
001100000001100000011000
001110000001100000110000
000111100001100001110000
000011111001111111111000
000000111001111111111000
000000000000000000000000
000000000000000000000000
000000000000000000000000
001111111111111111110000
001111111111111111110000
001111111111111111110000
000000000011000000000000
000000000011000000000000
000000000011000000000000
000000000011000000000000
000000000011000000000000
000000000011000000000000
001111111111111111110000
001111111111111111110000
000000000000000000000000
000000000000000000000000
000000000000000000000000
000000000000000000000000
000000000000000000000000
000000000000000000000000
000000000000000000000000
001111111111111111110000
001111111111111111110000
001111111111111111110000
000000000000000000000000
000000000000000000000000
000000000000000000000000
000000000000000000000000
000000000000000000000000
000000000000000000000000
000000000000000000000000
000000000000001100000000
000000000000001111100000
000000000000001111110000
000000000000000000110000
000000000000000000111000
000000000000000000111000
000000000000000000111000
000000000000000000110000
001111111111111111110000
001111111111111111100000
001111111111111110000000
000000000000000000000000
000000000000000000000000
000000000000000000000000
001111111111111111110000
001111111111111111110000
001111111111111111110000
000000000111100000000000
000000001111000000000000
000000111111110000000000
000001111001111100000000
000011100000111110000000
000111000000001111100000
001110000000000011110000
001100000000000000110000
000000000000000000000000
000000000000000000000000
000000000000000000000000
001111111111111111110000
001111111111111111110000
001111111111111111110000
000000000000000000110000
000000000000000000110000
000000000000000000110000
000000000000000000110000
000000000000000000110000
000000000000000000110000
000000000000000000110000
000000000000000000110000
000000000000000000000000
000000000000000000000000
000000000000000000000000
001111111111111111110000
001111111111111111110000
001111111000000000000000
000011111111110000000000
000000000111111111100000
000000000000001111110000
000000000001111111110000
000001111111111000000000
001111111100000000000000
001111111111111111110000
001111111111111111110000
000000000000000000000000
000000000000000000000000
000000000000000000000000
001111111111111111110000
001111111111111111110000
001111100000000000000000
000011111000000000000000
000000011111000000000000
000000000111110000000000
000000000001111100000000
000000000000011111000000
000000000000000011110000
001111111111111111110000
001111111111111111110000
000000000000000000000000
000000000000000000000000
000000000000000000000000
000000111111111110000000
000011111111111111100000
000111110000000111110000
000110000000000000110000
001110000000000000111000
001100000000000000011000
001100000000000000011000
000110000000000000110000
000111100000000011110000
000011111111111111100000
000001111111111110000000
000000000000000000000000
000000000000000000000000
000000000000000000000000
001111111111111111110000
001111111111111111110000
001111111111111111110000
001100000001100000000000
001100000001100000000000
001100000001100000000000
001110000001100000000000
000110000001100000000000
000111000011100000000000
000111111111000000000000
000001111110000000000000
000000000000000000000000
000000000000000000000000
000000000000000000000000
000000111111111110000000
000011111111111111100000
000111110000000111110000
000110000000000000110000
001110000000000000111000
001100000000000000011000
001100000000001110011000
000110000000001111110000
000111100000000011111000
000011111111111111111000
000001111111111110000000
000000000000000000000000
000000000000000000000000
000000000000000000000000
001111111111111111110000
001111111111111111110000
001111111111111111110000
001100000001100000000000
001100000001100000000000
001100000001100000000000
001110000001111000000000
000110000011111110000000
000111000111001111100000
000011111110000011110000
000001111100000000110000
000000000000000000000000
000000000000000000000000
000000000000000000000000
000000110000000111000000
000011111100000111100000
000111111110000011110000
000110000110000000110000
001100000111000000011000
001100000011000000011000
001100000011100000011000
001110000001100000110000
000111100001110001110000
000011100000111111100000
000000100000011111000000
000000000000000000000000
000000000000000000000000
000000000000000000000000
001100000000000000000000
001100000000000000000000
001100000000000000000000
001100000000000000000000
001111111111111111110000
001111111111111111110000
001111111111111111110000
001100000000000000000000
001100000000000000000000
001100000000000000000000
001100000000000000000000
000000000000000000000000
000000000000000000000000
000000000000000000000000
001111111111111111000000
001111111111111111100000
001111111111111111110000
000000000000000000110000
000000000000000000111000
000000000000000000011000
000000000000000000011000
000000000000000000110000
000000000000000001110000
001111111111111111110000
001111111111111111000000
000000000000000000000000
000000000000000000000000
001000000000000000000000
001111100000000000000000
001111111100000000000000
000001111111110000000000
000000000111111110000000
000000000000011111111000
000000000000000011111000
000000000000011111111000
000000000111111111000000
000000111111110000000000
001111111110000000000000
001111100000000000000000
001100000000000000000000
000000000000000000000000
001111000000000000000000
001111111111100000000000
000111111111111111111000
000000000000011111111000
000000000111111111111000
001111111111110000000000
001111100000000000000000
001111111111100000000000
000000001111111111110000
000000000000001111111000
000011111111111111111000
001111111111110000000000
001111000000000000000000
000000000000000000000000
000000000000000000000000
001000000000000000110000
001110000000000011110000
001111100000000111100000
000001111000011110000000
000000011111111000000000
000000000111100000000000
000000011111111000000000
000001111000011110000000
000111110000001111100000
001111000000000011110000
001100000000000000110000
000000000000000000000000
000000000000000000000000
001000000000000000000000
001110000000000000000000
001111100000000000000000
000011111000000000000000
000000111110000000000000
000000001111111111110000
000000000011111111110000
000000001111111111110000
000000111110000000000000
000011111000000000000000
001111100000000000000000
001110000000000000000000
001000000000000000000000
000000000000000000000000
000000000000000000000000
000000000000000000110000
001100000000000011110000
001100000000001111110000
001100000000011110110000
001100000001111000110000
001100000111100000110000
001100001111000000110000
001100111100000000110000
001111110000000000110000
001111100000000000110000
001110000000000000110000
000000000000000000000000
000000000000000000000000
000000000000000000000000
000000000000000000000000
000000000000000000000000
000000000000000000000000
000000000000000000000000
000000000000000000000000
001100000000000000000011
001100000000000000000011
001100000000000000000011
001100001111111011111111
001100001111111011111111
001100000000000011000011
001100000000000011000011
001100000000000011000011
111111011111111011000011
111111011111111011111111
001100000000000011111111
001100000000010011000011
001100000000111011000011
001100000011110011000011
001100101111000011111111
111111011110000011111111
111111011110000011000011
001100000110100011000011
001100000111111111000011
001100000110011011000011
001100000110001011111111
001100000110000011111111
001100000110000000000011
001100000110000000000011
001100000000000000000011
000000000000000000000000
000000000000000000000000
000000000000000000000000
000000000000000000000000
001100000000000000000000
001100011111111111111111
001100011111111111111111
001100011000000000000110
001100011000000000000110
001100011000110000010110
111111111000110000111110
111111111000110001110110
001100011000110001100110
001100011100110111000110
001100011011111110000110
001100011011111110000110
001100011010110110000110
001100011000110011000110
111111111000110011100110
111111111000110001100110
001100011000110001110110
001100011000110000000110
001100011000000000000110
001100011111111111111111
001100011111111111111111
001100000000000000000000
001100000000000000000000
000000000000000000000000
000000000000000000000000
000000000000000000000000
000000000000000000000000
000000000000000000000000
000000000000000000000000
000000000000000000000000
000000000000000000000000
000000000000000000000000
000000000000000000000000
000000000000000000000000
000000000000000000000000
000000000000000000000000
000000000000000000000000
000000000000000000000000
000000000000000000000000
000000000000000000000000
000000000000000000000000
000000000000000000000000
000000000000000000000000
000000000000000000000000
000000000000000000000000
000000000000000000000000
