000000000000000000000000
000000000000000000011100
000000000000000111111100
000000000000111111111100
000000001111111111000000
000001111111111100000000
011111111110011100000000
111111100000011100000000
111111000000011100000000
111111111100011100000000
000011111111111100000000
000000011111111111000000
000000000001111111111000
000000000000001111111100
000000000000000000111100
000000000000000000000100
000000000000000000000000
000000000000000000000000
111111111111111111111100
111111111111111111111100
111111111111111111111100
111000000011000000001100
111000000011000000001100
111000000011000000001100
111000000011000000001100
111000000011000000001100
111000000111000000001100
011000000111100000011100
011110011111110000111100
001111111101111111111000
000111111000111111111000
000001100000011111100000
000000000000000000000000
000000000000000000000000
000000000000000000000000
000000001111111100000000
000011111111111111100000
000111111111111111110000
001111110000000111111000
011110000000000000111100
111000000000000000011100
111000000000000000001110
111000000000000000001110
111000000000000000001110
111000000000000000011100
011100000000000000111100
011111110000001111111000
001111110000001111110000
000011110000001111100000
000000000000000000000000
000000000000000000000000
000000000000000000000000
111111111111111111111100
111111111111111111111100
111111111111111111111100
111000000000000000001100
111000000000000000001100
111000000000000000001100
111000000000000000001100
011000000000000000011100
011100000000000000011100
011110000000000000111000
001111100000000011111000
000111111111111111110000
000011111111111111100000
000000111111111100000000
000000000000000000000000
000000000000000000000000
000000000000000000000000
000000000000000000000000
111111111111111111111100
111111111111111111111100
111111111111111111111100
111000000011000000001100
111000000011000000001100
111000000011000000001100
111000000011000000001100
111000000011000000001100
111000000011000000001100
111000000011000000001100
111000000011000000001100
111000000011000000001100
000000000000000000001100
000000000000000000000000
000000000000000000000000
000000000000000000000000
000000000000000000000000
000000000000000000000000
000001100000000000000000
000011100000000000000000
000111000000000000000000
001110000000000000000000
011111111111111111111100
111111111111111111111100
111111111111111111111100
000000000000000000000000
000000000000000000000000
000000000000000000000000
000000000000000000000000
000000000000000000000000
000000000000000000000000
000000000000000000000000
000000000000000000000000
000001000000000000000000
000111000000000000011100
001111000000000000111100
011100000000000001111100
111000000000000011111100
111000000000000111001100
110000000000001110001100
110000000000111100001100
111000000001111000001100
111000000111110000001100
011110011111000000001100
011111111110000000001100
000111111000000000001100
000000000000000000001100
000000000000000000000000
000000000000000000000000
000000000000000000000000
000000000000000001000000
000011000000000011110000
001111000000000011111000
011110000000000000111100
011000000000000000011100
111000000000000000001100
110000000011000000001110
110000000111000000001110
110000000111000000001100
111000001111100000011100
011110011101110000111100
011111111101111111111000
001111110000111111110000
000000000000000110000000
000000000000000000000000
000000000000000000000000
000000000000000000000000
000000011111111100000000
000011111111111111100000
001111111111111111110000
011111000000000001111000
011100000000000000011100
111000000000000000001100
110000000000000000001110
110000000000000000001110
111000000000000000001100
111000000000000000011100
011110000000000001111000
001111111111111111111000
000011111111111111100000
000000011111111100000000
000000000000000000000000
000000000000000000000000
000000000000000000000000
000000000000000000000000
000000000000000000000000
000000000000000000000000
000000000000000000000000
000000000000000000000000
001100000000000000000011
001100000000000000000011
001100000000000000000011
001100001111111011111111
001100001111111011111111
001100000000000011000011
001100000000000011000011
001100000000000011000011
111111011111111011000011
111111011111111011111111
001100000000000011111111
001100000000010011000011
001100000000111011000011
001100000011110011000011
001100101111000011111111
111111011110000011111111
111111011110000011000011
001100000110100011000011
001100000111111111000011
001100000110011011000011
001100000110001011111111
001100000110000011111111
001100000110000000000011
001100000110000000000011
001100000000000000000011
000000000000000000000000
000000000000000000000000
000000000000000000000000
000000000000000000000000
001100000000000000000000
001100011111111111111111
001100011111111111111111
001100011000000000000110
001100011000000000000110
001100011000110000010110
111111111000110000111110
111111111000110001110110
001100011000110001100110
001100011100110111000110
001100011011111110000110
001100011011111110000110
001100011010110110000110
001100011000110011000110
111111111000110011100110
111111111000110001100110
001100011000110001110110
001100011000110000000110
001100011000000000000110
001100011111111111111111
001100011111111111111111
001100000000000000000000
001100000000000000000000
000000000000000000000000
000000000000000000000000
000000000000000000000000
000000000000000000000000
000000000000000000000000
000000000000000000000000
000000000000000000000000
000000000000000000000000
000000000000000000000000
